Input: 0 SDR: 7, 18, 24, 29, 43, 46, 59, 62, 65, 70, 95, 102, 118, 146, 148, 155, 953, 960, 982, 1012, 
Input: 0 SDR: 7, 18, 24, 29, 43, 46, 59, 62, 65, 70, 95, 102, 118, 146, 148, 155, 953, 960, 982, 1012, 
Input: 1 SDR: 25, 31, 44, 48, 49, 52, 65, 71, 87, 88, 90, 95, 100, 110, 111, 115, 128, 137, 176, 188, 
Input: 1 SDR: 25, 31, 44, 48, 49, 52, 65, 71, 87, 88, 90, 95, 100, 110, 111, 115, 128, 137, 176, 188, 
Input: 2 SDR: 118, 123, 127, 156, 160, 201, 212, 218, 219, 225, 229, 232, 235, 236, 242, 243, 253, 286, 310, 340, 
Input: 2 SDR: 118, 123, 127, 156, 160, 201, 212, 218, 219, 225, 229, 232, 235, 236, 242, 243, 253, 286, 310, 340, 
Input: 3 SDR: 240, 242, 257, 266, 273, 313, 321, 335, 338, 344, 364, 386, 389, 395, 398, 411, 427, 430, 437, 444, 
Input: 3 SDR: 240, 242, 257, 266, 273, 313, 321, 335, 338, 344, 364, 386, 389, 395, 398, 411, 427, 430, 437, 444, 
Input: 4 SDR: 302, 314, 324, 327, 340, 345, 350, 362, 390, 400, 425, 431, 435, 442, 446, 466, 498, 499, 506, 518, 
Input: 4 SDR: 302, 314, 324, 327, 340, 345, 350, 362, 390, 400, 425, 431, 435, 442, 446, 466, 498, 499, 506, 518, 
Input: 5 SDR: 393, 405, 428, 429, 433, 434, 436, 445, 454, 457, 460, 471, 504, 540, 568, 585, 586, 615, 616, 624, 
Input: 5 SDR: 393, 405, 428, 429, 433, 434, 436, 445, 454, 457, 460, 471, 504, 540, 568, 585, 586, 615, 616, 624, 
Input: 6 SDR: 483, 487, 500, 509, 510, 515, 519, 529, 533, 556, 577, 594, 597, 601, 651, 657, 665, 667, 668, 726, 
Input: 6 SDR: 483, 487, 500, 509, 510, 515, 519, 529, 533, 556, 577, 594, 597, 601, 651, 657, 665, 667, 668, 726, 
Input: 7 SDR: 579, 587, 595, 607, 617, 633, 635, 637, 641, 654, 661, 664, 677, 701, 711, 725, 735, 755, 788, 814, 
Input: 7 SDR: 579, 587, 595, 607, 617, 633, 635, 637, 641, 654, 661, 664, 677, 701, 711, 725, 735, 755, 788, 814, 
Input: 8 SDR: 676, 691, 700, 707, 723, 732, 738, 748, 753, 758, 762, 767, 778, 786, 799, 806, 825, 848, 854, 916, 
Input: 8 SDR: 676, 691, 700, 707, 723, 732, 738, 748, 753, 758, 762, 767, 778, 786, 799, 806, 825, 848, 854, 916, 
Input: 9 SDR: 772, 779, 780, 800, 810, 811, 812, 826, 830, 853, 861, 878, 886, 889, 891, 897, 954, 957, 960, 1007, 
Input: 9 SDR: 772, 779, 780, 800, 810, 811, 812, 826, 830, 853, 861, 878, 886, 889, 891, 897, 954, 957, 960, 1007, 